%YAML 1.1
%TAG !u! tag:unity3d.com,2011:
--- !u!114 &11400000
MonoBehaviour:
  m_ObjectHideFlags: 0
  m_CorrespondingSourceObject: {fileID: 0}
  m_PrefabInstance: {fileID: 0}
  m_PrefabAsset: {fileID: 0}
  m_GameObject: {fileID: 0}
  m_Enabled: 1
  m_EditorHideFlags: 0
  m_Script: {fileID: 11500000, guid: bf3a157f7ef05a84d9affd9678e5e174, type: 3}
  m_Name: Level_04
  m_EditorClassIdentifier: Assembly-CSharp::LevelData
  levelNumber: 2
  levelName: Level 2
  bottles:
  - colors:
    - {r: 0.6784314, g: 1, b: 0.1843137, a: 1}
    - {r: 0.6784314, g: 1, b: 0.1843137, a: 1}
    - {r: 1, g: 0.7137255, b: 0.7568628, a: 1}
    - {r: 1, g: 0.7137255, b: 0.7568628, a: 1}
    numberOfColors: 4
  - colors:
    - {r: 1, g: 0.7137255, b: 0.7568628, a: 1}
    - {r: 1, g: 0.7137255, b: 0.7568628, a: 1}
    - {r: 0.6784314, g: 1, b: 0.1843137, a: 1}
    - {r: 0.6784314, g: 1, b: 0.1843137, a: 1}
    numberOfColors: 4
  - colors: []
    numberOfColors: 0
