%YAML 1.1
%TAG !u! tag:unity3d.com,2011:
--- !u!114 &11400000
MonoBehaviour:
  m_ObjectHideFlags: 0
  m_CorrespondingSourceObject: {fileID: 0}
  m_PrefabInstance: {fileID: 0}
  m_PrefabAsset: {fileID: 0}
  m_GameObject: {fileID: 0}
  m_Enabled: 1
  m_EditorHideFlags: 0
  m_Script: {fileID: 11500000, guid: bf3a157f7ef05a84d9affd9678e5e174, type: 3}
  m_Name: Level_06
  m_EditorClassIdentifier: Assembly-CSharp::LevelData
  levelNumber: 6
  levelName: Level 6
  bottles:
  - colors:
    - {r: 0.4862745, g: 0.9882354, b: 0, a: 1}
    - {r: 1, g: 0.92156863, b: 0.015686275, a: 1}
    - {r: 0.7056604, g: 0.39215687, b: 0.23529412, a: 1}
    - {r: 0.7660377, g: 0.21246704, b: 0.7660377, a: 1}
    numberOfColors: 4
  - colors:
    - {r: 0.7058824, g: 0.39215687, b: 0.23529412, a: 1}
    - {r: 0.4862745, g: 0.9882354, b: 0, a: 1}
    - {r: 0.76862746, g: 0.21568628, b: 0.76862746, a: 1}
    - {r: 1, g: 0.92156863, b: 0.015686275, a: 1}
    numberOfColors: 4
  - colors:
    - {r: 0.76862746, g: 0.21568628, b: 0.76862746, a: 1}
    - {r: 0.7058824, g: 0.39215687, b: 0.23529412, a: 1}
    - {r: 1, g: 0.92156863, b: 0.015686275, a: 1}
    - {r: 0.4862745, g: 0.9882354, b: 0, a: 1}
    numberOfColors: 4
  - colors:
    - {r: 1, g: 0.92156863, b: 0.015686275, a: 1}
    - {r: 0.4862745, g: 0.9882354, b: 0, a: 1}
    - {r: 0.76862746, g: 0.21568628, b: 0.76862746, a: 1}
    - {r: 0.7058824, g: 0.39215687, b: 0.23529412, a: 1}
    numberOfColors: 4
  - colors: []
    numberOfColors: 0
  - colors: []
    numberOfColors: 0
